
<?xml version="1.0" encoding="UTF-8"?>
<svg xmlns="http://www.w3.org/2000/svg" xmlns:xlink="http://www.w3.org/1999/xlink" viewBox="80 227 1278 505" role="img" aria-label="Altijd Onderweg">
<defs>
<g>
<g id="glyph-0-0">
<path d="M 7.140625 -192.96875 C 7.140625 -235.125 30.867188 -256.203125 78.328125 -256.203125 C 131.421875 -256.203125 157.96875 -242.539062 157.96875 -215.21875 C 155.226562 -189.925781 153.859375 -170.175781 153.859375 -155.96875 L 153.859375 -122.25 L 170.515625 -107.265625 C 159.410156 -100.390625 153.859375 -85.554688 153.859375 -62.765625 L 153.859375 -33.015625 L 157.96875 4.453125 C 155.226562 4.453125 153.859375 6.867188 153.859375 11.703125 L 157.96875 30.203125 C 152.488281 51.285156 142.820312 64.945312 128.96875 71.1875 L 44.796875 71.1875 C 17.097656 71.1875 3.25 32.78125 3.25 -44.03125 C 5.84375 -44.03125 7.140625 -45.28125 7.140625 -47.78125 L 3.25 -55.265625 L 7.140625 -77.75 C 7.140625 -80.40625 5.84375 -84.070312 3.25 -88.75 C 5.84375 -105.925781 7.140625 -119.585938 7.140625 -129.734375 Z M 68.59375 -67.453125 C 68.59375 -28.734375 71.40625 -9.375 77.03125 -9.375 L 80.9375 -9.375 L 77.03125 -154.796875 L 68.59375 -154.796875 Z M 68.59375 -67.453125 "/>
</g>
<g id="glyph-0-1">
<path d="M 81.796875 -240.28125 C 87.710938 -252.613281 96.800781 -258.78125 109.0625 -258.78125 L 119.015625 -258.78125 C 123.484375 -258.78125 125.71875 -256.359375 125.71875 -251.515625 L 125.71875 -123.1875 L 129.40625 -105.15625 C 126.945312 -105.15625 125.71875 -102.65625 125.71875 -97.65625 C 125.71875 -84.382812 126.945312 -67.445312 129.40625 -46.84375 L 125.71875 -39.34375 L 132.640625 15.453125 C 130.484375 19.515625 129.40625 25.679688 129.40625 33.953125 L 129.40625 55.96875 C 129.40625 60.8125 127.097656 63.234375 122.484375 63.234375 L 85.46875 63.234375 C 79.125 63.234375 72.347656 37.628906 65.140625 -13.578125 C 61.378906 -13.578125 59.066406 -11.160156 58.203125 -6.328125 L 58.203125 22.71875 L 61.453125 59.484375 C 55.972656 64.328125 52.65625 66.75 51.5 66.75 L 14.5 66.75 C 7.570312 62.84375 4.109375 59.25 4.109375 55.96875 L 4.109375 -13.578125 L 7.578125 -20.84375 C 5.265625 -20.84375 4.109375 -22.171875 4.109375 -24.828125 L 4.109375 -28.34375 C 4.109375 -33.800781 5.265625 -38.640625 7.578125 -42.859375 C 5.265625 -47.222656 4.109375 -52.140625 4.109375 -57.609375 L 4.109375 -108.890625 L 7.578125 -127.15625 C 5.265625 -127.15625 4.109375 -128.328125 4.109375 -130.671875 C 6.421875 -155.648438 7.578125 -175.164062 7.578125 -189.21875 L 7.578125 -244.03125 C 7.578125 -248.082031 9.882812 -250.578125 14.5 -251.515625 L 55.171875 -251.515625 C 61.234375 -251.515625 67.875 -217.398438 75.09375 -149.171875 L 81.796875 -149.171875 Z M 81.796875 -240.28125 "/>
</g>
<g id="glyph-0-2">
<path d="M 9.734375 -220.609375 C 12.617188 -220.609375 14.0625 -229.425781 14.0625 -247.0625 C 14.0625 -259.550781 27.835938 -265.796875 55.390625 -265.796875 C 60.878906 -263.304688 65.066406 -262.0625 67.953125 -262.0625 C 67.953125 -264.550781 69.25 -265.796875 71.84375 -265.796875 L 71.84375 -262.0625 C 80.207031 -262.0625 89.800781 -263.304688 100.625 -265.796875 C 134.957031 -265.796875 155.726562 -250.734375 162.9375 -220.609375 L 162.9375 -33.25 C 162.9375 -14.675781 158.753906 -4.6875 150.390625 -3.28125 L 121.609375 -7.03125 C 121.609375 -3.125 117.351562 1.875 108.84375 7.96875 L 108.84375 15.453125 C 108.84375 20.453125 111.65625 22.953125 117.28125 22.953125 L 125.5 22.953125 L 117.28125 11.9375 L 117.28125 4.453125 L 142.171875 0.46875 L 142.171875 7.96875 L 146.5 7.96875 L 154.71875 4.453125 L 158.609375 11.9375 L 158.609375 15.453125 L 150.390625 41.6875 L 142.171875 41.6875 C 142.171875 36.375 140.875 31.457031 138.28125 26.9375 C 123.269531 31.769531 114.972656 34.1875 113.390625 34.1875 L 113.390625 53.15625 L 55.390625 60.65625 C 55.390625 58.15625 54.019531 56.90625 51.28125 56.90625 C 46.519531 59.40625 40.96875 60.65625 34.625 60.65625 L 26.40625 60.65625 C 21.78125 60.65625 19.035156 58.15625 18.171875 53.15625 L 18.171875 30.671875 L 14.0625 -7.03125 C 16.800781 -7.03125 18.171875 -8.273438 18.171875 -10.765625 C 15.429688 -10.765625 14.0625 -12.015625 14.0625 -14.515625 L 14.0625 -78.21875 L 1.515625 -96.953125 C 9.878906 -121.617188 14.0625 -146.519531 14.0625 -171.65625 L 14.0625 -201.875 Z M 51.28125 -10.765625 C 42.914062 -6.867188 38.734375 -3.125 38.734375 0.46875 L 38.734375 22.953125 C 41.910156 22.953125 46.09375 24.28125 51.28125 26.9375 L 55.390625 19.4375 C 55.390625 15.0625 52.578125 12.5625 46.953125 11.9375 C 46.953125 7.101562 49.765625 -0.460938 55.390625 -10.765625 Z M 67.953125 -7.03125 C 63.191406 -7.03125 60.375 -4.53125 59.5 0.46875 L 59.5 7.96875 L 63.625 15.453125 C 85.695312 9.367188 96.734375 3.125 96.734375 -3.28125 Z M 74 -81.03125 L 80.9375 -57.609375 C 84.539062 -57.609375 87.710938 -80.867188 90.453125 -127.390625 C 87.710938 -182.503906 82.445312 -210.609375 74.65625 -211.703125 Z M 74 -81.03125 "/>
</g>
<g id="glyph-0-3">
<path d="M 85.90625 -284.53125 C 101.632812 -278.445312 111.082031 -269.550781 114.25 -257.84375 C 114.976562 -234.738281 106.109375 -222.875 87.640625 -222.25 L 76.171875 -222.015625 C 76.171875 -219.359375 74.941406 -215.53125 72.484375 -210.53125 L 76.390625 -210.53125 L 72.703125 -202.8125 L 73.796875 -163.9375 C 73.929688 -159.875 86.550781 -157.53125 111.65625 -156.90625 L 114.6875 -133.484375 C 109.207031 -123.335938 107.910156 -115.6875 110.796875 -110.53125 C 108.054688 -110.375 106.753906 -107.878906 106.890625 -103.046875 L 83.3125 -102.34375 C 78.976562 -102.1875 76.453125 -99.53125 75.734375 -94.375 L 78.546875 -5.859375 C 78.691406 1.484375 87.925781 6.5625 106.25 9.375 C 106.394531 15.457031 105.238281 20.6875 102.78125 25.0625 C 105.519531 29.582031 106.960938 34.8125 107.109375 40.75 L 107.328125 44.5 C 107.472656 49.488281 104.945312 52.0625 99.75 52.21875 L 25.53125 54.328125 C 20.914062 54.484375 18.175781 51.988281 17.3125 46.84375 L 15.796875 -3.28125 C 13.921875 -69.164062 10.171875 -109.054688 4.546875 -122.953125 L 7.796875 -146.375 L 5.625 -219.90625 L 1.296875 -239.109375 C 5.046875 -261.742188 8.507812 -274.859375 11.6875 -278.453125 C 20.625 -278.609375 27.257812 -277.515625 31.59375 -275.171875 Z M 85.90625 -284.53125 "/>
</g>
<g id="glyph-0-4">
<path d="M 34.40625 -258.3125 C 34.695312 -255.96875 35.851562 -254.953125 37.875 -255.265625 C 43.0625 -256.046875 47.53125 -257.921875 51.28125 -260.890625 C 63.539062 -260.265625 75.15625 -260.8125 86.125 -262.53125 C 106.175781 -265.488281 121.679688 -252.609375 132.640625 -223.890625 C 131.054688 -219.359375 130.625 -214.203125 131.34375 -208.421875 L 140.4375 -138.171875 C 142.019531 -125.835938 139.640625 -117.875 133.296875 -114.28125 L 151.6875 -75.640625 L 167.046875 43.09375 C 167.191406 44.34375 165.316406 48.320312 161.421875 55.03125 L 137.1875 55.265625 L 109.921875 59.25 L 104.078125 40.984375 L 100.625 41.453125 C 101.34375 47.691406 99.898438 54.328125 96.296875 61.359375 L 47.828125 64.640625 L 25.09375 -113.109375 L 15.578125 -157.375 C 18.035156 -157.6875 19.117188 -159.015625 18.828125 -161.359375 L 12.328125 -183.140625 L 8.875 -209.125 L 10.171875 -228.328125 C 7.710938 -228.015625 6.050781 -231.453125 5.1875 -238.640625 L 3.671875 -250.109375 L 17.3125 -252.21875 Z M 93.046875 -17.5625 L 96.515625 -18.03125 L 96.9375 -40.984375 L 91.75 -55.265625 C 93.332031 -60.421875 93.984375 -64.328125 93.703125 -66.984375 L 86.765625 -65.8125 Z M 98.671875 26.9375 L 102.140625 26.46875 L 97.375 -10.765625 L 93.90625 -10.296875 Z M 69.25 -176.578125 C 70.113281 -169.398438 73.359375 -166.195312 78.984375 -166.96875 L 82.875 -167.671875 L 75.515625 -193.90625 L 67.078125 -192.734375 Z M 69.25 -176.578125 "/>
</g>
<g id="glyph-0-5">
<path d="M 66 -142.625 C 69.601562 -217.25 75.804688 -254.5625 84.609375 -254.5625 L 114.25 -254.5625 C 126.507812 -254.5625 132.640625 -226.535156 132.640625 -170.484375 C 137.546875 -170.484375 140 -173.21875 140 -178.6875 L 140 -246.59375 C 140 -250.96875 142.453125 -253.625 147.359375 -254.5625 L 195.40625 -254.5625 L 202.765625 -250.8125 L 188.046875 -102.578125 C 192.953125 -102.578125 195.40625 -99.921875 195.40625 -94.609375 L 195.40625 -66.75 L 198.859375 -46.84375 C 191.648438 -42.78125 188.046875 -38.71875 188.046875 -34.65625 L 188.046875 -30.90625 L 195.40625 -18.734375 C 195.40625 -16.390625 190.5 -11.003906 180.6875 -2.578125 C 175.632812 40.828125 170.65625 64.710938 165.75 69.078125 L 158.390625 65.34375 L 136.109375 65.34375 L 117.9375 69.078125 L 106.890625 21.078125 L 110.359375 21.078125 L 103 -42.859375 L 99.546875 -42.859375 C 93.910156 26.460938 87.707031 61.125 80.9375 61.125 L 32.890625 61.125 L 3.25 -246.59375 L 10.609375 -250.8125 L 47.609375 -250.8125 C 54.960938 -250.8125 58.640625 -226.769531 58.640625 -178.6875 L 58.640625 -150.8125 C 58.640625 -145.351562 61.09375 -142.625 66 -142.625 Z M 66 -142.625 "/>
</g>
<g id="glyph-0-6">
<path d="M 4.109375 -232.78125 C 4.109375 -253.851562 23.441406 -268.296875 62.109375 -276.109375 L 70.96875 -272.359375 L 97.8125 -276.109375 C 139.644531 -276.109375 160.5625 -260.492188 160.5625 -229.265625 L 160.5625 -158.078125 C 160.5625 -152.921875 157.53125 -150.34375 151.46875 -150.34375 L 88.9375 -150.34375 C 88.9375 -153.15625 87.492188 -157.21875 84.609375 -162.53125 L 88.9375 -170.25 C 86.050781 -174.78125 84.609375 -179.929688 84.609375 -185.703125 L 88.9375 -213.578125 L 80.0625 -217.09375 L 75.734375 -217.09375 L 75.734375 -197.65625 C 75.734375 -191.71875 77.175781 -186.410156 80.0625 -181.734375 L 75.734375 -174 L 80.0625 -126.703125 C 77.175781 -121.703125 75.734375 -117.875 75.734375 -115.21875 L 151.46875 -115.21875 C 157.53125 -115.21875 160.5625 -112.566406 160.5625 -107.265625 L 160.5625 -44.5 C 160.5625 -27.945312 162.003906 -8.195312 164.890625 14.75 C 162.003906 22.875 160.5625 38.566406 160.5625 61.828125 L 160.5625 65.8125 L 129.40625 65.8125 C 120.3125 61.75 115.765625 57.765625 115.765625 53.859375 C 94.992188 56.515625 84.609375 60.5 84.609375 65.8125 C 77.828125 65.8125 71.835938 64.484375 66.640625 61.828125 L 57.78125 65.8125 C 54.894531 65.8125 53.453125 64.484375 53.453125 61.828125 C 20.554688 61.828125 4.109375 31.613281 4.109375 -28.8125 Z M 78.109375 -35.125 L 82.015625 -8.4375 C 95.285156 -8.90625 101.921875 -17.800781 101.921875 -35.125 C 100.335938 -59.789062 92.976562 -71.109375 79.84375 -69.078125 Z M 78.109375 -35.125 "/>
</g>
<g id="glyph-1-0">
<path d="M 152.921875 -2.890625 C 152.671875 -2.40625 152.671875 -2.15625 152.671875 -1.6875 C 152.671875 -0.96875 153.40625 -0.71875 154.125 -0.71875 L 164.453125 0 C 165.421875 0 166.375 -1.203125 166.625 -1.4375 L 172.875 -9.625 C 194.515625 -11.296875 205.8125 -20.671875 205.8125 -23.078125 C 205.8125 -23.5625 205.8125 -24.046875 205.328125 -24.046875 C 203.890625 -24.046875 201.96875 -22.125 201.25 -21.40625 C 196.921875 -17.546875 187.546875 -14.421875 174.796875 -12.75 C 178.40625 -19 194.28125 -38.953125 222.640625 -71.171875 C 235.625 -85.84375 260.15625 -115.65625 306.3125 -154.84375 C 307.765625 -156.046875 310.40625 -156.765625 310.40625 -159.40625 C 310.40625 -160.375 306.5625 -160.859375 303.90625 -160.859375 C 296.9375 -160.859375 267.609375 -152.4375 231.296875 -125.03125 C 202.921875 -103.625 185.625 -85.359375 175.28125 -77.1875 C 165.65625 -104.828125 148.59375 -120.21875 125.515625 -120.21875 C 110.359375 -120.21875 95.9375 -103.390625 95.9375 -77.65625 C 95.9375 -60.109375 105.3125 -41.59375 120.453125 -28.375 C 107.234375 -15.625 81.515625 -1.921875 59.140625 -1.921875 C 37.03125 -1.921875 23.5625 -13.21875 23.5625 -23.796875 C 23.5625 -25.96875 24.765625 -27.890625 25.25 -28.859375 C 26.6875 -23.796875 29.578125 -20.921875 34.859375 -20.921875 C 39.1875 -20.921875 42.3125 -25 42.3125 -30.0625 C 42.3125 -35.34375 37.75 -38.703125 31.25 -38.703125 C 24.53125 -38.703125 20.4375 -32.9375 20.4375 -23.5625 C 20.4375 -11.296875 36.78125 1.4375 59.390625 1.4375 C 79.578125 1.4375 105.3125 -9.625 122.859375 -26.203125 C 140.421875 -12.75 158.453125 -12.015625 158.453125 -10.8125 C 158.453125 -10.34375 158.203125 -10.09375 157.96875 -9.625 Z M 177.6875 -55.546875 C 177.6875 -63.234375 176.96875 -69.734375 176.234375 -70.921875 C 175.765625 -71.65625 176 -72.125 176 -73.09375 C 176 -74.0625 195.234375 -93.296875 233.703125 -122.859375 C 260.875 -143.78125 286.84375 -154.84375 301.03125 -156.046875 C 294.78125 -151.46875 277.21875 -140.890625 251.015625 -115.890625 C 206.0625 -73.09375 182.25 -40.390625 169.75 -25.734375 C 175.765625 -42.078125 177.6875 -53.625 177.6875 -55.546875 Z M 123.34375 -30.0625 C 109.875 -39.90625 99.78125 -59.875 99.78125 -77.65625 C 99.78125 -100.265625 115.40625 -113.484375 129.109375 -113.484375 C 139.9375 -113.484375 146.671875 -111.796875 155.078125 -103.875 C 163.25 -96.171875 168.78125 -86.3125 172.390625 -74.53125 Z M 173.359375 -70.6875 C 174.078125 -67.078125 174.5625 -62.75 174.5625 -58.671875 C 174.5625 -43.765625 165.65625 -21.40625 160.375 -13.703125 C 150.75 -14.421875 135.359375 -20.671875 125.75 -28.125 Z M 173.359375 -70.6875 "/>
</g>
<g id="glyph-1-1">
<path d="M 62.515625 -56.75 C 116.375 -80.546875 146.671875 -108.671875 146.671875 -118.78125 C 146.671875 -123.109375 142.8125 -126.234375 137.765625 -126.234375 C 131.765625 -126.234375 118.0625 -119.734375 104.109375 -108.203125 C 75.984375 -84.875 64.921875 -70.921875 64.203125 -70.203125 L 42.796875 -48.09375 C 25 -35.578125 15.390625 -25.734375 15.390625 -24.53125 C 15.390625 -24.046875 15.625 -23.5625 16.109375 -23.5625 C 18.265625 -23.5625 22.125 -29.328125 31.015625 -35.34375 C 22.84375 -24.765625 16.109375 -16.34375 16.109375 -8.65625 C 16.109375 -2.15625 18.265625 1.6875 23.5625 1.6875 C 35.828125 1.6875 61.546875 -21.40625 61.546875 -23.078125 C 61.546875 -23.5625 61.3125 -24.046875 60.828125 -24.046875 C 59.390625 -24.046875 57.703125 -22.125 57.21875 -21.640625 C 41.84375 -7.6875 27.890625 -1.203125 23.328125 -1.203125 C 21.15625 -1.203125 20.4375 -2.640625 20.4375 -4.5625 C 20.4375 -6.25 25.734375 -15.140625 35.34375 -25.96875 Z M 97.140625 -94.96875 C 112.28125 -112.046875 129.84375 -123.34375 137.765625 -123.34375 C 140.65625 -123.34375 142.8125 -121.90625 142.8125 -119.015625 C 142.8125 -111.078125 112.53125 -81.75 67.078125 -61.3125 Z M 97.140625 -94.96875 "/>
</g>
<g id="glyph-1-2">
<path d="M 22.59375 -24.28125 C 17.796875 -19 14.421875 -12.015625 14.421875 -8.65625 C 14.421875 -2.15625 16.59375 1.4375 21.40625 1.4375 C 33.65625 1.4375 60.59375 -21.15625 60.59375 -23.078125 C 60.59375 -23.5625 60.34375 -24.046875 59.875 -24.046875 C 58.421875 -24.046875 56.75 -22.125 56.265625 -21.640625 C 43.515625 -10.34375 27.65625 -1.4375 21.875 -1.4375 C 20.203125 -1.4375 19.234375 -2.890625 19.234375 -4.5625 C 19.234375 -6.015625 21.640625 -9.140625 23.328125 -11.0625 L 67.328125 -57.953125 L 83.1875 -57.953125 C 83.90625 -57.953125 84.875 -58.421875 84.875 -59.390625 C 84.875 -60.34375 83.90625 -60.828125 83.1875 -60.828125 L 70.453125 -60.828125 L 86.5625 -78.859375 C 86.796875 -79.34375 86.796875 -79.578125 86.796875 -80.0625 C 86.796875 -80.546875 86.078125 -80.78125 85.59375 -80.78125 L 77.90625 -80.78125 C 76.9375 -80.78125 75.734375 -80.0625 75.25 -79.578125 L 57.46875 -60.828125 L 46.40625 -60.828125 C 45.6875 -60.828125 44.96875 -59.625 44.96875 -59.140625 C 44.96875 -58.671875 45.921875 -57.953125 46.40625 -57.953125 L 53.140625 -57.953125 C 30.53125 -37.265625 15.140625 -27.65625 15.140625 -24.53125 C 15.140625 -24.046875 15.390625 -23.5625 15.875 -23.5625 C 17.3125 -23.5625 19 -25.484375 19.46875 -25.96875 C 26.6875 -32.703125 34.140625 -38.234375 40.875 -43.765625 Z M 22.59375 -24.28125 "/>
</g>
<g id="glyph-1-3">
<path d="M 69.484375 -75.734375 C 69.25 -75.5 69.25 -75.25 69.25 -74.78125 C 69.25 -74.296875 69.25 -74.0625 69.484375 -73.8125 L 74.0625 -69.484375 C 74.296875 -69.25 74.53125 -69.25 74.78125 -69.25 C 75.25 -69.25 75.5 -69.25 75.734375 -69.484375 L 79.578125 -74.0625 C 79.828125 -74.296875 79.828125 -74.53125 79.828125 -75.015625 C 79.828125 -75.5 79.828125 -75.734375 79.578125 -75.984375 L 75.984375 -79.578125 C 75.734375 -79.828125 75.5 -80.0625 75.015625 -80.0625 C 74.53125 -80.0625 74.0625 -79.828125 73.8125 -79.578125 Z M 17.546875 -22.59375 C 14.421875 -19.46875 9.859375 -12.015625 9.859375 -7.21875 C 9.859375 -1.6875 12.265625 1.6875 17.078125 1.6875 C 27.171875 1.6875 51.9375 -21.40625 51.9375 -23.078125 C 51.9375 -23.5625 51.6875 -24.046875 51.21875 -24.046875 C 50.484375 -24.046875 50.015625 -23.796875 49.53125 -23.328125 C 33.65625 -8.890625 22.359375 -1.203125 17.3125 -1.203125 C 15.140625 -1.203125 14.1875 -2.15625 14.1875 -4.328125 C 14.1875 -5.296875 16.59375 -9.140625 18.75 -11.296875 L 50.25 -43.515625 C 50.734375 -44 50.734375 -44.484375 50.734375 -44.96875 C 50.734375 -45.4375 50.015625 -45.921875 49.53125 -45.921875 L 40.390625 -45.921875 C 39.1875 -45.921875 38.46875 -45.4375 37.984375 -44.96875 L 24.53125 -33.1875 C 19.234375 -28.609375 15.140625 -25.484375 15.140625 -24.53125 C 15.140625 -24.046875 15.390625 -23.5625 15.875 -23.5625 C 17.796875 -23.5625 20.203125 -27.171875 24.28125 -29.578125 Z M 17.546875 -22.59375 "/>
</g>
<g id="glyph-1-4">
<path d="M 66.84375 -76.21875 C 66.359375 -75.734375 66.359375 -75.25 66.359375 -74.78125 C 66.359375 -74.296875 66.59375 -74.0625 66.84375 -73.8125 L 70.453125 -70.203125 C 70.6875 -69.734375 71.171875 -69.484375 71.65625 -69.484375 C 72.125 -69.484375 72.375 -69.96875 72.609375 -70.203125 L 75.984375 -73.8125 C 76.21875 -74.0625 76.453125 -74.296875 76.453125 -74.78125 C 76.453125 -75.25 76.453125 -75.734375 75.984375 -76.21875 L 72.609375 -79.578125 C 72.375 -79.828125 71.890625 -79.828125 71.40625 -79.828125 C 70.921875 -79.828125 70.6875 -79.828125 70.453125 -79.578125 Z M -9.375 7.6875 C -24.046875 15.625 -46.15625 19.953125 -64.4375 38.234375 C -67.796875 41.59375 -70.921875 45.203125 -70.921875 49.53125 C -70.921875 52.65625 -67.078125 55.0625 -62.515625 55.0625 C -53.140625 55.0625 -43.03125 48.5625 -30.53125 38.234375 C -27.40625 35.578125 -15.625 27.65625 1.4375 6.734375 C 3.609375 4.328125 4.09375 4.5625 6.25 3.84375 C 36.546875 -6.015625 53.625 -20.921875 53.625 -23.078125 C 53.625 -23.5625 53.375 -24.046875 52.890625 -24.046875 C 50.484375 -24.046875 38.46875 -9.859375 8.421875 0 L 49.046875 -43.03125 C 49.53125 -43.515625 49.53125 -44 49.53125 -44.484375 C 49.53125 -45.203125 48.8125 -45.6875 48.09375 -45.6875 L 39.671875 -45.6875 C 38.46875 -45.6875 37.75 -44.96875 37.265625 -44.484375 L 19.234375 -28.859375 C 17.796875 -27.65625 15.140625 -25.484375 15.140625 -24.53125 C 15.140625 -24.046875 15.390625 -23.5625 15.875 -23.5625 C 18.03125 -23.5625 20.4375 -27.65625 25.96875 -30.78125 Z M -37.515625 37.515625 C -44.96875 45.6875 -55.78125 52.171875 -62.515625 52.171875 C -65.15625 52.171875 -67.5625 51.9375 -67.5625 49.296875 C -67.5625 44 -55.78125 32.453125 -44.484375 26.921875 C -34.375 21.875 -25 16.59375 -15.875 13.953125 Z M -37.515625 37.515625 "/>
</g>
<g id="glyph-1-5">
<path d="M 45.6875 -5.765625 C 45.6875 -0.96875 47.125 1.4375 51.6875 1.4375 C 64.671875 1.4375 88 -21.875 88 -23.078125 C 88 -23.5625 88 -24.046875 87.515625 -24.046875 C 86.796875 -24.046875 86.078125 -23.796875 85.59375 -23.328125 C 70.203125 -9.375 59.875 -1.4375 52.65625 -1.4375 C 51.21875 -1.4375 49.53125 -1.921875 49.53125 -3.609375 C 49.53125 -6.484375 54.09375 -11.546875 60.109375 -17.796875 L 148.109375 -106.75 C 148.59375 -107.234375 148.34375 -107.71875 148.34375 -108.203125 C 148.34375 -108.921875 147.625 -109.15625 146.90625 -109.15625 L 138.734375 -109.15625 C 137.53125 -109.15625 136.8125 -108.4375 136.328125 -107.953125 L 67.5625 -37.75 C 67.5625 -43.28125 63.71875 -46.15625 57.953125 -46.15625 C 51.453125 -46.15625 28.859375 -38.703125 17.078125 -25.25 C 11.546875 -19 10.09375 -14.421875 10.09375 -6.96875 C 10.09375 -1.921875 13.703125 1.6875 18.75 1.6875 C 26.6875 1.6875 36.0625 -4.5625 48.328125 -14.671875 C 47.125 -12.265625 45.6875 -9.140625 45.6875 -5.765625 Z M 19.46875 -1.203125 C 17.546875 -1.203125 15.140625 -2.40625 15.140625 -3.84375 C 15.140625 -13.703125 47.359375 -42.796875 59.390625 -42.796875 C 61.3125 -42.796875 63.953125 -41.59375 63.953125 -40.15625 C 63.953125 -27.171875 27.171875 -1.203125 19.46875 -1.203125 Z M 19.46875 -1.203125 "/>
</g>
</g>
</defs>
<g fill="rgb(100%, 100%, 100%)" fill-opacity="1">
<use xlink:href="#glyph-0-0" x="82.7231" y="654.5781"/>
<use xlink:href="#glyph-0-1" x="255.622625" y="654.5781"/>
<use xlink:href="#glyph-0-2" x="386.974329" y="654.5781"/>
<use xlink:href="#glyph-0-3" x="565.716517" y="654.5781"/>
<use xlink:href="#glyph-0-4" x="687.330451" y="654.5781"/>
<use xlink:href="#glyph-0-5" x="862.17753" y="654.5781"/>
<use xlink:href="#glyph-0-3" x="1065.155946" y="654.5781"/>
<use xlink:href="#glyph-0-6" x="1186.76988" y="654.5781"/>
</g>
<path fill="none" stroke-width="3" stroke-linecap="butt" stroke-linejoin="miter" stroke="rgb(0%, 0%, 100%)" stroke-opacity="1" stroke-miterlimit="4" d="M -0.00101875 -0.0009375 C -0.00101875 -10.149375 -1.297894 -23.809531 -3.89555 -40.981406 C -1.297894 -45.668906 -0.00101875 -49.336875 -0.00101875 -51.989219 L -3.89555 -74.473594 L -0.00101875 -81.969687 C -0.00101875 -84.465781 -1.297894 -85.715781 -3.89555 -85.715781 C -3.89555 -162.528281 9.952106 -200.938437 37.651325 -200.938437 L 121.831012 -200.938437 C 135.678669 -194.692344 145.342731 -181.032187 150.827106 -159.954062 L 146.717731 -141.454062 C 146.717731 -136.610312 148.084919 -134.192344 150.827106 -134.192344 L 146.717731 -96.723594 L 146.717731 -66.9775 C 146.717731 -44.184531 152.268512 -29.3525 163.377887 -22.481406 L 146.717731 -7.493125 L 146.717731 26.229531 C 146.717731 40.436563 148.084919 60.186563 150.827106 85.479531 C 150.827106 112.80375 124.280231 126.463906 71.194294 126.463906 C 23.72945 126.463906 -0.00101875 105.389688 -0.00101875 63.233438 Z M 61.456012 25.061563 L 69.897419 25.061563 L 73.79195 -120.375937 L 69.897419 -120.375937 C 64.268512 -120.375937 61.456012 -101.016562 61.456012 -62.293906 Z M 61.456012 25.061563 " transform="matrix(1, 0, 0, -1, 89.8643, 524.835)"/>
<path fill="none" stroke-width="3" stroke-linecap="butt" stroke-linejoin="miter" stroke="rgb(0%, 0%, 100%)" stroke-opacity="1" stroke-miterlimit="4" d="M -0.00003125 0.00193125 L -0.00003125 -91.103538 L -6.707062 -91.103538 C -13.925812 -22.873069 -20.558625 11.240212 -26.617219 11.240212 L -67.300812 11.240212 C -71.918 10.306619 -74.222687 7.806619 -74.222687 3.748025 L -74.222687 -51.056663 C -74.222687 -65.103538 -75.378937 -84.623069 -77.687531 -109.603538 C -77.687531 -111.943381 -76.531281 -113.115256 -74.222687 -113.115256 L -77.687531 -131.384788 L -77.687531 -182.67385 C -77.687531 -188.138694 -76.531281 -193.056663 -74.222687 -197.427756 C -76.531281 -201.6426 -77.687531 -206.482444 -77.687531 -211.943381 L -77.687531 -215.459006 C -77.687531 -218.115256 -76.531281 -219.439475 -74.222687 -219.439475 L -77.687531 -226.701194 L -77.687531 -296.255881 C -77.687531 -299.533225 -74.222687 -303.123069 -67.300812 -307.029319 L -30.296906 -307.029319 C -29.144562 -307.029319 -25.82425 -304.607444 -20.339875 -299.7676 L -23.585969 -262.998069 L -23.585969 -233.959006 C -22.722687 -229.123069 -20.414094 -226.701194 -16.664094 -226.701194 C -9.44925 -277.908225 -2.671906 -303.5176 3.679656 -303.5176 L 40.683563 -303.5176 C 45.296844 -303.5176 47.605438 -301.091819 47.605438 -296.255881 L 47.605438 -274.240256 C 47.605438 -265.962913 48.687469 -259.79885 50.851531 -255.740256 L 43.929656 -200.939475 L 47.605438 -193.443381 C 45.152313 -172.834006 43.929656 -155.896506 43.929656 -142.623069 C 43.929656 -137.630881 45.152313 -135.130881 47.605438 -135.130881 L 43.929656 -117.095725 L 43.929656 11.240212 C 43.929656 16.080056 41.691375 18.501931 37.218719 18.501931 L 27.265594 18.501931 C 15.003875 18.501931 5.914031 12.330056 -0.00003125 0.00193125 Z M -0.00003125 0.00193125 " transform="matrix(1, 0, 0, -1, 337.418, 414.2949)"/>
<path fill="none" stroke-width="3" stroke-linecap="butt" stroke-linejoin="miter" stroke="rgb(0%, 0%, 100%)" stroke-opacity="1" stroke-miterlimit="4" d="M -0.00004375 -0.000025 L -0.00004375 -30.210963 C -0.00004375 -55.351588 -4.187544 -80.250025 -12.550825 -104.917994 L -0.00004375 -123.652369 L -0.00004375 -187.355494 C -0.00004375 -189.855494 1.37105 -191.101588 4.113238 -191.101588 C 4.113238 -193.601588 2.738238 -194.851588 -0.00004375 -194.851588 L 4.113238 -232.554713 L 4.113238 -255.035181 C 4.976519 -260.031275 7.7148 -262.531275 12.335894 -262.531275 L 20.55855 -262.531275 C 26.9023 -262.531275 32.460894 -261.281275 37.218706 -258.785181 C 39.960894 -258.785181 41.331988 -260.031275 41.331988 -262.531275 L 99.324175 -255.035181 L 99.324175 -236.066431 C 100.910113 -236.066431 109.203081 -233.644556 124.210894 -228.808619 C 126.80855 -233.332056 128.105425 -238.253931 128.105425 -243.562525 L 136.328081 -243.562525 L 144.550738 -217.332056 L 144.550738 -213.820338 L 140.656206 -206.324244 L 132.43355 -209.839869 L 128.105425 -209.839869 L 128.105425 -202.343775 L 103.222613 -206.324244 L 103.222613 -213.820338 L 111.445269 -224.824244 L 103.222613 -224.824244 C 97.593706 -224.824244 94.781206 -222.32815 94.781206 -217.332056 L 94.781206 -209.839869 C 103.292925 -203.750025 107.546831 -198.753931 107.546831 -194.851588 L 136.328081 -198.597681 C 144.695269 -197.191431 148.878863 -187.199244 148.878863 -168.617213 L 148.878863 18.73435 C 141.664019 48.867162 120.890581 63.937475 86.55855 63.937475 C 75.738238 61.437475 66.144488 60.187475 57.7773 60.187475 L 57.7773 63.937475 C 55.179644 63.937475 53.882769 62.683569 53.882769 60.187475 C 50.99605 60.187475 46.812456 61.437475 41.331988 63.937475 C 13.773394 63.937475 -0.00004375 57.687475 -0.00004375 45.199194 C -0.00004375 27.554662 -1.44145 18.73435 -4.328169 18.73435 Z M 41.331988 -191.101588 C 35.706988 -201.406275 32.890581 -208.976588 32.890581 -213.820338 C 38.519488 -214.441431 41.331988 -216.941431 41.331988 -221.312525 L 37.218706 -228.808619 C 32.0273 -226.148463 27.8398 -224.824244 24.667925 -224.824244 L 24.667925 -202.343775 C 24.667925 -198.753931 28.851519 -195.007838 37.218706 -191.101588 Z M 82.664019 -198.597681 C 82.664019 -204.996119 71.628863 -211.242213 49.554644 -217.332056 L 45.441363 -209.839869 L 45.441363 -202.343775 C 46.30855 -197.347681 49.12105 -194.851588 53.882769 -194.851588 Z M 60.5898 9.835912 C 68.382769 8.742162 73.644488 -19.3594 76.386675 -74.472681 C 73.644488 -121.000025 70.472613 -144.26565 66.867144 -144.26565 L 59.941363 -120.843775 Z M 60.5898 9.835912 " transform="matrix(1, 0, 0, -1, 401.0352, 452.7031)"/>
<path fill="none" stroke-width="3" stroke-linecap="butt" stroke-linejoin="miter" stroke="rgb(0%, 0%, 100%)" stroke-opacity="1" stroke-miterlimit="4" d="M -0.0005125 -0.00194375 C -4.328637 2.341806 -10.965356 3.43165 -19.906762 3.279306 C -23.082544 -0.314444 -26.547387 -13.427725 -30.293481 -36.064444 L -25.965356 -55.271475 L -23.8052 -128.806631 L -27.047387 -152.2246 C -21.422387 -166.123038 -17.672387 -206.013663 -15.797387 -271.900381 L -14.281762 -322.017569 C -13.418481 -327.169913 -10.676294 -329.6621 -6.059106 -329.509756 L 68.16355 -327.404288 C 73.358863 -327.244131 75.878394 -324.669913 75.737769 -319.673819 L 75.522925 -315.927725 C 75.374488 -309.990225 73.933081 -304.763663 71.1948 -300.236319 C 73.644019 -295.861319 74.796363 -290.634756 74.655738 -284.544913 C 56.331519 -281.736319 47.10105 -276.658194 46.956519 -269.322256 L 44.144019 -180.798819 C 44.866675 -175.646475 47.390113 -172.990225 51.718238 -172.833975 L 75.304175 -172.13085 C 75.159644 -167.294913 76.456519 -164.794913 79.202613 -164.638663 C 76.311988 -159.486319 77.612769 -151.837881 83.097144 -141.685538 L 80.065894 -118.267569 C 54.964331 -117.646475 42.339331 -115.302725 42.198706 -111.240225 L 41.116675 -72.365225 L 44.792456 -64.638663 L 40.897925 -64.638663 C 43.35105 -59.642569 44.577613 -55.81835 44.577613 -53.1621 L 56.046363 -52.927725 C 74.511206 -52.306631 83.3823 -40.439444 82.66355 -17.330069 C 79.487769 -5.619131 70.03855 3.279306 54.315894 9.36915 Z M -0.0005125 -0.00194375 " transform="matrix(1, 0, 0, -1, 597.3052, 379.4004)"/>
<path fill="none" stroke-width="3" stroke-linecap="butt" stroke-linejoin="miter" stroke="rgb(0%, 0%, 100%)" stroke-opacity="1" stroke-miterlimit="4" d="M 0.00191875 -0.0009625 L -13.6348 -2.106431 L -12.119175 -13.582994 C -11.251988 -20.766588 -9.595738 -24.204088 -7.142613 -23.887681 L -8.439488 -43.090806 L -4.97855 -69.0869 L 1.513637 -90.86815 C 1.8027 -93.2119 0.720669 -94.536119 -1.732456 -94.848619 L 7.790981 -139.110338 L 30.513637 -316.864244 L 78.982387 -313.5869 C 82.587856 -306.559556 84.033169 -299.922838 83.310512 -293.68065 L 86.775356 -293.2119 L 92.6152 -311.477525 L 119.884731 -307.497056 L 144.119106 -307.262681 C 148.013637 -300.547838 149.888637 -296.567369 149.744106 -295.317369 L 134.380825 -176.582994 L 115.986294 -137.938463 C 122.33395 -134.352525 124.712856 -126.387681 123.126919 -114.051744 L 114.040981 -43.793931 C 113.318325 -38.020494 113.751919 -32.86815 115.337856 -28.3369 C 104.373012 0.389662 88.8652 13.268569 68.814419 10.303725 C 57.849575 8.584975 46.232387 8.0381 33.974575 8.6631 C 30.220669 5.698256 25.751919 3.823256 20.556606 3.045912 C 18.537075 2.729506 17.384731 3.745131 17.095669 6.088881 Z M 69.462856 -186.418931 L 76.388637 -185.247056 C 76.673794 -187.903306 76.025356 -191.80565 74.439419 -196.957994 L 79.634731 -211.24315 L 79.201137 -234.192369 L 75.7402 -234.661119 Z M 76.603481 -241.922838 L 80.064419 -241.454088 L 84.826137 -278.692369 L 81.3652 -279.161119 Z M 49.77145 -59.485338 L 58.20895 -58.313463 L 65.568325 -84.543931 L 61.673794 -85.247056 C 56.044887 -86.028306 52.798794 -82.829088 51.935512 -75.645494 Z M 49.77145 -59.485338 " transform="matrix(1, 0, 0, -1, 704.6348, 402.3506)"/>
<path fill="none" stroke-width="3" stroke-linecap="butt" stroke-linejoin="miter" stroke="rgb(0%, 0%, 100%)" stroke-opacity="1" stroke-miterlimit="4" d="M 0.0015 -0.0010125 L 0.0015 27.870081 C 0.0015 75.956019 -3.678187 100.002894 -11.037562 100.002894 L -48.037562 100.002894 L -55.396937 95.784144 L -25.752406 -211.946325 L 22.290563 -211.946325 C 29.067906 -211.946325 35.271031 -177.286169 40.899938 -107.965856 L 44.360875 -107.965856 L 51.72025 -171.89945 L 48.255406 -171.89945 L 59.294469 -219.907263 L 77.47025 -216.161169 L 99.759313 -216.161169 L 107.114781 -219.907263 C 112.017125 -215.536169 116.997594 -191.645544 122.048375 -148.2432 C 131.856969 -139.813513 136.763219 -134.426794 136.763219 -132.08695 L 129.403844 -119.907263 L 129.403844 -116.161169 C 129.403844 -112.102575 133.009313 -108.043981 140.224156 -103.981481 L 136.763219 -84.075231 L 136.763219 -56.208044 C 136.763219 -50.89945 134.306188 -48.2432 129.403844 -48.2432 L 144.118688 100.002894 L 136.763219 103.748987 L 88.724156 103.748987 C 83.817906 102.811487 81.364781 100.155237 81.364781 95.784144 L 81.364781 27.870081 C 81.364781 22.401331 78.911656 19.670862 74.009313 19.670862 C 74.009313 75.721644 67.872594 103.748987 55.614781 103.748987 L 25.966344 103.748987 C 17.165563 103.748987 10.962438 66.432581 7.356969 -8.196325 C 2.450719 -8.196325 0.0015 -5.465856 0.0015 -0.0010125 Z M 0.0015 -0.0010125 " transform="matrix(1, 0, 0, -1, 920.811, 503.7568)"/>
<path fill="none" stroke-width="3" stroke-linecap="butt" stroke-linejoin="miter" stroke="rgb(0%, 0%, 100%)" stroke-opacity="1" stroke-miterlimit="4" d="M 0.0014875 -0.00194375 C -4.326638 2.341806 -10.963356 3.43165 -19.908669 3.279306 C -23.08445 -0.314444 -26.545388 -13.427725 -30.295388 -36.064444 L -25.967263 -55.271475 L -23.8032 -128.806631 L -27.049294 -152.2246 C -21.424294 -166.123038 -17.674294 -206.013663 -15.795388 -271.900381 L -14.283669 -322.017569 C -13.416481 -327.169913 -10.6782 -329.6621 -6.061013 -329.509756 L 68.16555 -327.404288 C 73.356956 -327.244131 75.880394 -324.669913 75.739769 -319.673819 L 75.521019 -315.927725 C 75.376487 -309.990225 73.931175 -304.763663 71.192894 -300.236319 C 73.646019 -295.861319 74.798362 -290.634756 74.657737 -284.544913 C 56.333519 -281.736319 47.099144 -276.658194 46.958519 -269.322256 L 44.146019 -180.798819 C 44.864769 -175.646475 47.392112 -172.990225 51.720237 -172.833975 L 75.306175 -172.13085 C 75.161644 -167.294913 76.458519 -164.794913 79.200706 -164.638663 C 76.313987 -159.486319 77.610862 -151.837881 83.095237 -141.685538 L 80.067894 -118.267569 C 54.962425 -117.646475 42.337425 -115.302725 42.1968 -111.240225 L 41.114769 -72.365225 L 44.794456 -64.638663 L 40.899925 -64.638663 C 43.349144 -59.642569 44.575706 -55.81835 44.575706 -53.1621 L 56.044456 -52.927725 C 74.5093 -52.306631 83.3843 -40.439444 82.661644 -17.330069 C 79.489769 -5.619131 70.036644 3.279306 54.313987 9.36915 Z M 0.0014875 -0.00194375 " transform="matrix(1, 0, 0, -1, 1096.7407, 379.4004)"/>
<path fill="none" stroke-width="3" stroke-linecap="butt" stroke-linejoin="miter" stroke="rgb(0%, 0%, 100%)" stroke-opacity="1" stroke-miterlimit="4" d="M 0.00149375 -0.0009375 C 0.00149375 -60.422812 16.446806 -90.63375 49.337431 -90.63375 C 49.337431 -93.286094 50.778838 -94.614219 53.665556 -94.614219 L 62.53665 -90.63375 C 67.731963 -93.286094 73.716338 -94.614219 80.497588 -94.614219 C 80.497588 -89.305625 90.884306 -85.32125 111.66165 -82.668906 C 111.66165 -86.57125 116.204619 -90.551719 125.294463 -94.614219 L 156.454619 -94.614219 L 156.454619 -90.63375 C 156.454619 -67.368125 157.896025 -51.676719 160.782744 -43.559531 C 157.896025 -20.606406 156.454619 -0.860312 156.454619 15.690469 L 156.454619 78.456094 C 156.454619 83.760781 153.423369 86.417031 147.364775 86.417031 L 71.626494 86.417031 C 71.626494 89.069375 73.0679 92.893594 75.954619 97.893594 L 71.626494 145.198281 L 75.954619 152.92875 C 73.0679 157.612344 71.626494 162.920938 71.626494 168.854531 L 71.626494 188.292031 L 75.954619 188.292031 L 84.825713 184.780313 L 80.497588 156.909219 C 80.497588 151.131875 81.938994 145.979531 84.825713 141.452188 L 80.497588 133.725625 C 83.384306 128.413125 84.825713 124.358438 84.825713 121.545938 L 147.364775 121.545938 C 153.423369 121.545938 156.454619 124.124063 156.454619 129.276406 L 156.454619 200.471719 C 156.454619 231.694375 135.532744 247.311563 93.700713 247.311563 L 66.864775 243.561563 L 57.993681 247.311563 C 19.329619 239.499063 0.00149375 225.061563 0.00149375 203.983438 Z M 75.739775 40.280313 C 88.864775 42.307656 96.220244 30.99125 97.810088 6.323281 C 97.810088 -11.00875 91.173369 -19.907187 77.903838 -20.375937 L 74.0054 6.323281 Z M 75.739775 40.280313 " transform="matrix(1, 0, 0, -1, 1190.8696, 625.7725)"/>
<g fill="rgb(0%, 0%, 100%)" fill-opacity="1">
<use xlink:href="#glyph-1-0" x="469.0864" y="392.8594"/>
<use xlink:href="#glyph-1-1" x="658.785749" y="392.8594"/>
<use xlink:href="#glyph-1-2" x="704.227038" y="392.8594"/>
<use xlink:href="#glyph-1-3" x="748.947036" y="392.8594"/>
<use xlink:href="#glyph-1-4" x="785.011551" y="392.8594"/>
<use xlink:href="#glyph-1-5" x="822.518647" y="392.8594"/>
</g>
<path fill="none" stroke-width="0.75" stroke-linecap="butt" stroke-linejoin="miter" stroke="rgb(0%, 0%, 100%)" stroke-opacity="1" stroke-miterlimit="10" d="M 0 0.00144375 C -0.238281 -0.482931 -0.238281 -0.721212 -0.238281 -1.201681 C -0.238281 -1.924337 0.480469 -2.162619 1.203125 -2.162619 L 11.539062 -2.885275 C 12.503906 -2.885275 13.464844 -1.68215 13.703125 -1.443869 L 19.957031 6.731913 C 41.59375 8.415506 52.894531 17.790506 52.894531 20.196756 C 52.894531 20.677225 52.894531 21.157694 52.414062 21.157694 C 50.972656 21.157694 49.046875 19.235819 48.328125 18.513163 C 44 14.665506 34.621094 11.540506 21.878906 9.856913 C 25.484375 16.110819 41.355469 36.063944 69.726562 68.282694 C 82.707031 82.946756 107.230469 112.763163 153.394531 151.950663 C 154.835938 153.153788 157.480469 153.876444 157.480469 156.520975 C 157.480469 157.481913 153.636719 157.962381 150.988281 157.962381 C 144.019531 157.962381 114.683594 149.548319 78.378906 122.138163 C 50.007812 100.739725 32.699219 82.466288 22.359375 74.294413 C 12.742188 101.94285 -4.328125 117.329569 -27.410156 117.329569 C -42.554688 117.329569 -56.980469 100.501444 -56.980469 74.774881 C -56.980469 57.220194 -47.605469 38.708475 -32.457031 25.485819 C -45.683594 12.743631 -71.40625 -0.9634 -93.769531 -0.9634 C -115.886719 -0.9634 -129.351562 10.337381 -129.351562 20.915506 C -129.351562 23.079569 -128.148438 25.00535 -127.667969 25.966288 C -126.226562 20.915506 -123.339844 18.032694 -118.050781 18.032694 C -113.722656 18.032694 -110.597656 22.118631 -110.597656 27.169413 C -110.597656 32.458475 -115.164062 35.825663 -121.65625 35.825663 C -128.390625 35.825663 -132.476562 30.052225 -132.476562 20.677225 C -132.476562 8.415506 -116.128906 -4.326681 -93.527344 -4.326681 C -73.332031 -4.326681 -47.605469 6.731913 -30.054688 23.321756 C -12.503906 9.856913 5.53125 9.134256 5.53125 7.935038 C 5.53125 7.454569 5.289062 7.212381 5.050781 6.731913 Z M 24.765625 52.653788 C 24.765625 60.3491 24.042969 66.837381 23.320312 68.040506 C 22.839844 68.763163 23.082031 69.243631 23.082031 70.204569 C 23.082031 71.165506 42.316406 90.403788 80.785156 119.9741 C 107.953125 140.892069 133.917969 151.950663 148.105469 153.153788 C 141.855469 148.587381 124.300781 138.00535 98.097656 113.001444 C 53.136719 70.204569 29.332031 37.50535 16.828125 22.841288 C 22.839844 39.188944 24.765625 50.731913 24.765625 52.653788 Z M -29.574219 27.169413 C -43.035156 37.024881 -53.136719 56.981913 -53.136719 74.774881 C -53.136719 97.372538 -37.507812 110.5991 -23.804688 110.5991 C -12.984375 110.5991 -6.25 108.915506 2.164062 100.981913 C 10.339844 93.2866 15.867188 83.427225 19.476562 71.649881 Z M 20.4375 67.802225 C 21.15625 64.196756 21.640625 59.868631 21.640625 55.778788 C 21.640625 40.872538 12.742188 18.513163 7.453125 10.81785 C -2.164062 11.540506 -17.550781 17.790506 -27.167969 25.243631 Z M 20.4375 67.802225 " transform="matrix(1, 0, 0, -1, 622, 389.9741)"/>
<path fill="none" stroke-width="0.75" stroke-linecap="butt" stroke-linejoin="miter" stroke="rgb(0%, 0%, 100%)" stroke-opacity="1" stroke-miterlimit="10" d="M -0.00093125 0.0005125 C 53.858444 23.801294 84.151412 51.934106 84.151412 62.031763 C 84.151412 66.359888 80.303756 69.484888 75.252975 69.484888 C 69.245162 69.484888 55.538131 62.9927 41.592819 51.453638 C 13.463912 28.129419 2.405319 14.184106 1.682662 13.465356 L -19.715775 -8.655737 C -37.508744 -21.159644 -47.125931 -31.015112 -47.125931 -32.218237 C -47.125931 -32.698706 -46.883744 -33.179175 -46.403275 -33.179175 C -44.239213 -33.179175 -40.391556 -27.409644 -31.497025 -21.397925 C -39.672806 -31.97605 -46.403275 -40.394019 -46.403275 -48.085425 C -46.403275 -54.577612 -44.239213 -58.425269 -38.95015 -58.425269 C -26.688431 -58.425269 -0.961869 -35.343237 -0.961869 -33.659644 C -0.961869 -33.179175 -1.20015 -32.698706 -1.684525 -32.698706 C -3.125931 -32.698706 -4.809525 -34.620581 -5.289994 -35.10105 C -20.676713 -49.046362 -34.622025 -55.53855 -39.188431 -55.53855 C -41.352494 -55.53855 -42.07515 -54.097144 -42.07515 -52.171362 C -42.07515 -50.491675 -36.786088 -41.593237 -27.1689 -30.776831 Z M 34.620162 38.227075 C 49.7686 55.297388 67.319381 66.598169 75.252975 66.598169 C 78.139694 66.598169 80.303756 65.156763 80.303756 62.270044 C 80.303756 54.33645 50.010787 25.004419 4.569381 4.566919 Z M 34.620162 38.227075 " transform="matrix(1, 0, 0, -1, 721.2939, 336.1177)"/>
<path fill="none" stroke-width="0.75" stroke-linecap="butt" stroke-linejoin="miter" stroke="rgb(0%, 0%, 100%)" stroke-opacity="1" stroke-miterlimit="10" d="M 0.00101875 -0.001925 C -4.807575 -5.287081 -8.174762 -12.263644 -8.174762 -15.626925 C -8.174762 -22.119113 -6.0107 -25.724581 -1.202106 -25.724581 C 11.059613 -25.724581 37.9893 -3.126925 37.9893 -1.201144 C 37.9893 -0.720675 37.747113 -0.240206 37.266644 -0.240206 C 35.825238 -0.240206 34.141644 -2.162081 33.661175 -2.646456 C 20.915081 -13.943331 5.047894 -22.841769 -0.721637 -22.841769 C -2.405231 -22.841769 -3.366169 -21.396456 -3.366169 -19.716769 C -3.366169 -18.271456 -0.963825 -15.146456 0.719769 -13.224581 L 44.719769 33.662137 L 60.586956 33.662137 C 61.309613 33.662137 62.27055 34.142606 62.27055 35.103544 C 62.27055 36.064481 61.309613 36.54495 60.586956 36.54495 L 47.844769 36.54495 L 63.954144 54.5762 C 64.196331 55.060575 64.196331 55.298856 64.196331 55.779325 C 64.196331 56.259794 63.473675 56.501981 62.993206 56.501981 L 55.297894 56.501981 C 54.336956 56.501981 53.133831 55.779325 52.653363 55.298856 L 34.860394 36.54495 L 23.8018 36.54495 C 23.08305 36.54495 22.360394 35.341825 22.360394 34.861356 C 22.360394 34.380887 23.321331 33.662137 23.8018 33.662137 L 30.536175 33.662137 C 7.934613 12.98245 -7.452106 3.365262 -7.452106 0.240262 C -7.452106 -0.240206 -7.213825 -0.720675 -6.733356 -0.720675 C -5.29195 -0.720675 -3.60445 1.2012 -3.127887 1.681669 C 4.086956 8.416044 11.540081 13.943387 18.274456 19.474637 Z M 0.00101875 -0.001925 " transform="matrix(1, 0, 0, -1, 726.8232, 368.5762)"/>
<path fill="none" stroke-width="0.75" stroke-linecap="butt" stroke-linejoin="miter" stroke="rgb(0%, 0%, 100%)" stroke-opacity="1" stroke-miterlimit="10" d="M 0.00148125 -0.001 C -0.240706 -0.239281 -0.240706 -0.481469 -0.240706 -0.961937 C -0.240706 -1.442406 -0.240706 -1.684594 0.00148125 -1.922875 L 4.567887 -6.251 C 4.810075 -6.493187 5.048356 -6.493187 5.290544 -6.493187 C 5.771012 -6.493187 6.009294 -6.493187 6.251481 -6.251 L 10.099137 -1.684594 C 10.337419 -1.442406 10.337419 -1.200219 10.337419 -0.71975 C 10.337419 -0.239281 10.337419 -0.001 10.099137 0.241188 L 6.489762 3.846656 C 6.251481 4.088844 6.009294 4.327125 5.528825 4.327125 C 5.048356 4.327125 4.567887 4.088844 4.329606 3.846656 Z M -51.932113 -53.133812 C -55.057113 -56.262719 -59.627425 -63.715844 -59.627425 -68.520531 C -59.627425 -74.051781 -57.221175 -77.418969 -52.412581 -77.418969 C -42.314925 -77.418969 -17.553206 -54.336937 -17.553206 -52.653344 C -17.553206 -52.172875 -17.791488 -51.692406 -18.271956 -51.692406 C -18.994613 -51.692406 -19.475081 -51.934594 -19.95555 -52.415062 C -35.822738 -66.840844 -47.123519 -74.53225 -52.1743 -74.53225 C -54.338363 -74.53225 -55.2993 -73.571312 -55.2993 -71.40725 C -55.2993 -70.446312 -52.89305 -66.598656 -50.728988 -64.434594 L -19.232894 -32.215844 C -18.752425 -31.735375 -18.752425 -31.254906 -18.752425 -30.774437 C -18.752425 -30.293969 -19.475081 -29.8135 -19.95555 -29.8135 L -29.092269 -29.8135 C -30.295394 -29.8135 -31.014144 -30.293969 -31.494613 -30.774437 L -44.959456 -42.555687 C -50.248519 -47.122094 -54.338363 -50.251 -54.338363 -51.211937 C -54.338363 -51.692406 -54.096175 -52.172875 -53.615706 -52.172875 C -51.693831 -52.172875 -49.287581 -48.567406 -45.201644 -46.161156 Z M -51.932113 -53.133812 " transform="matrix(1, 0, 0, -1, 818.4243, 317.124)"/>
<path fill="none" stroke-width="0.75" stroke-linecap="butt" stroke-linejoin="miter" stroke="rgb(0%, 0%, 100%)" stroke-opacity="1" stroke-miterlimit="10" d="M 0.00045 -0.00143125 C -0.480019 -0.4819 -0.480019 -0.962369 -0.480019 -1.442837 C -0.480019 -1.923306 -0.241737 -2.165494 0.00045 -2.403775 L 3.605919 -6.009244 C 3.848106 -6.493619 4.328575 -6.7319 4.809044 -6.7319 C 5.289513 -6.7319 5.527794 -6.251431 5.769981 -6.009244 L 9.137169 -2.403775 C 9.37545 -2.165494 9.617638 -1.923306 9.617638 -1.442837 C 9.617638 -0.962369 9.617638 -0.4819 9.137169 -0.00143125 L 5.769981 3.365756 C 5.527794 3.607944 5.047325 3.607944 4.566856 3.607944 C 4.086388 3.607944 3.848106 3.607944 3.605919 3.365756 Z M -76.2183 -83.911587 C -90.882362 -91.845181 -113.003456 -96.173306 -131.276894 -114.446744 C -134.640175 -117.810025 -137.765175 -121.415494 -137.765175 -125.743619 C -137.765175 -128.872525 -133.921425 -131.274869 -129.351112 -131.274869 C -119.976112 -131.274869 -109.878456 -124.782681 -97.37455 -114.446744 C -94.24955 -111.798306 -82.4683 -103.864712 -65.397987 -82.946744 C -63.233925 -80.5444 -62.753456 -80.786587 -60.589394 -80.063931 C -30.296425 -70.204556 -13.222206 -55.298306 -13.222206 -53.134244 C -13.222206 -52.653775 -13.464394 -52.173306 -13.944862 -52.173306 C -16.351112 -52.173306 -28.370644 -66.360806 -58.425331 -76.216275 L -17.792519 -33.177212 C -17.31205 -32.696744 -17.31205 -32.216275 -17.31205 -31.735806 C -17.31205 -31.017056 -18.0308 -30.536587 -18.753456 -30.536587 L -27.167519 -30.536587 C -28.370644 -30.536587 -29.0933 -31.255337 -29.573769 -31.735806 L -47.605019 -47.364712 C -49.046425 -48.567837 -51.690956 -50.7319 -51.690956 -51.692837 C -51.690956 -52.173306 -51.452675 -52.653775 -50.972206 -52.653775 C -48.808144 -52.653775 -46.401894 -48.567837 -40.87455 -45.442837 Z M -104.347206 -113.724087 C -111.800331 -121.899869 -122.620644 -128.38815 -129.351112 -128.38815 C -131.995644 -128.38815 -134.401894 -128.149869 -134.401894 -125.505337 C -134.401894 -120.216275 -122.620644 -108.673306 -111.319862 -103.145962 C -101.222206 -98.095181 -91.8433 -92.806119 -82.706581 -90.161587 Z M -104.347206 -113.724087 " transform="matrix(1, 0, 0, -1, 851.8433, 316.6431)"/>
<path fill="none" stroke-width="0.75" stroke-linecap="butt" stroke-linejoin="miter" stroke="rgb(0%, 0%, 100%)" stroke-opacity="1" stroke-miterlimit="10" d="M 0.00150625 -0.00094375 C 0.00150625 -4.809537 1.442912 -7.211881 6.009319 -7.211881 C 18.993694 -7.211881 42.314006 16.108431 42.314006 17.311556 C 42.314006 17.792025 42.314006 18.272494 41.833537 18.272494 C 41.114787 18.272494 40.392131 18.030306 39.911662 17.549838 C 24.524944 3.604525 14.1851 -4.329069 6.974162 -4.329069 C 5.52885 -4.329069 3.845256 -3.8486 3.845256 -2.165006 C 3.845256 0.721713 8.415569 5.768588 14.427287 12.022494 L 102.423381 100.979525 C 102.90385 101.459994 102.665569 101.940463 102.665569 102.424838 C 102.665569 103.143588 101.942912 103.385775 101.220256 103.385775 L 93.048381 103.385775 C 91.845256 103.385775 91.1226 102.663119 90.642131 102.18265 L 21.880412 31.975619 C 21.880412 37.506869 18.032756 40.393588 12.263225 40.393588 C 5.771037 40.393588 -16.830525 32.940463 -28.611775 19.475619 C -34.139119 13.225619 -35.584431 8.655306 -35.584431 1.202181 C -35.584431 -3.8486 -31.978963 -7.454069 -26.928181 -7.454069 C -18.994588 -7.454069 -9.615681 -1.200162 2.646037 8.897494 C 1.442912 6.491244 0.00150625 3.366244 0.00150625 -0.00094375 Z M -26.205525 -4.56735 C -28.131306 -4.56735 -30.53365 -3.364225 -30.53365 -1.922819 C -30.53365 7.93265 1.681194 37.0264 13.704631 37.0264 C 15.626506 37.0264 18.271037 35.823275 18.271037 34.381869 C 18.271037 21.397494 -18.514119 -4.56735 -26.205525 -4.56735 Z M -26.205525 -4.56735 " transform="matrix(1, 0, 0, -1, 868.1899, 387.0889)"/>
</svg>
